20140503-HANULMIN-PC	15	2900				130	3045
20140504-HANULMIN-PC		9015			15	1305	10335
20140507-CHOIKYUMIN	85	6640	14490	680	3885	8395	34175
20140508-CHOIKYUMIN	525	2265	7610	4060	825	7400	22685
20140508-HANULMIN-PC		25				1175	1200
20140509-CHOIKYUMIN	255	2565	1195	1630	3220	24230	33095
20140509-HANULMIN-PC	35	5515	380	620	285	2750	9585
20140512-CHOIKYUMIN	185	1720	17565	3075	1180	8540	32265
20140512-HANULMIN-PC	10	130			1970	2310	4420
20140513-CHOIKYUMIN	90	1775	15760	2160	8570	9315	37670
20140513-HANULMIN-PC	415	4015			5	6125	10560
20140514-CHOIKYUMIN	235	1130	10090	5115	11745	13420	41735
20140514-HANULMIN-PC	25	1115		760	10	1105	3015
20140515-CHOIKYUMIN	115	2775	15720	2965	1505	7025	30105
20140515-HANULMIN-PC	185	3630			5290	5425	14530
20140516-CHOIKYUMIN	70	1405	14435	1030	675	11415	29030
20140517-CHOIKYUMIN		900					900
20140518-CHOIKYUMIN		660					660
20140518-HANULMIN-PC	5	890			80	5260	6235
20140519-CHOIKYUMIN	90	2895	13535	1720	1885	8355	28480
20140519-HANULMIN-PC	360	9795	505		505	8440	19605
20140520-CHOIKYUMIN	75	1430	9715	2345	675	10225	24465
20140520-HANULMIN-PC	15	40			30	2855	2940
20140521-CHOIKYUMIN	390	1165	2440	2750	135	2200	9080
20140521-HANULMIN-PC	20	8125				2790	10935
20140522-HANULMIN-PC	55	11570			20	3615	15260
20140523-CHOIKYUMIN	460	1275	14995	1025	310	12460	30525
20140523-HANULMIN-PC	145	3745		825		3530	8245
20140524-CHOIKYUMIN		300					300
20140525-CHOIKYUMIN		750					750
20140525-HANULMIN-PC	445	3655	820		360	9945	15225
20140526-CHOIKYUMIN	280	3660	18135	2675	1300	12560	38610
20140526-HANULMIN-PC	145	6015	7035		1400	4300	18895
20140527-CHOIKYUMIN	125	1030	10010	3000	3755	13190	31110
20140527-HANULMIN-PC	695	205			10	2570	3480
20140528-CHOIKYUMIN	50	1315	11725	3655	895	17575	35215
20140529-CHOIKYUMIN	205	1375	10145	2860	1045	10200	25830
20140529-HANULMIN-PC	305	7685	25	715	110	4815	13655
20140530-CHOIKYUMIN	465	1635	8905	1870	6675	15870	35420
20140530-HANULMIN-PC	125	15	725	1030		1340	3235
20140531-CHOIKYUMIN		1445					1445
20140531-HANULMIN-PC		10				845	855
